0
0
0.28
0.58
0.66
0.57
0.76
0.48
0.74
-0.02
-0.63
-0.64
-0.76
-0.86
-0.32
-0.75
-1.17
-1.15
-1.03
-1.5
-1.65
-1.71
-1.31
-1.07
-0.56
-1.23
-1.29
-0.58
0.12
1.14
1.71
3.43
3.97
3.48
3.8
5.48
7.91
6.94
11.03
11.12
9.87
7.76
9.05
10.18
9.59
9.32
7.56
7.46
6.85
10.31
8.68
6.62
7.45
10.3
11.56
14.9
21.74
27.459999
14.779999
17.869999
13.5
0
0
1.799999
3.370001
1.889999
0.43
1.02
2.68
3.360001
2.290001
4.07
6.24
4.719999
7.540001
12.57
11.030001
14.48
15.17
12.639999
12.6
10.110001
9.66
12.65
10.17
8.860001
8.129999
5.370001
9.969999
8.35
12.110001
13.6
17.66
16.41
17.459999
15.58
13.32
12.280001
14.52
15.209999
17.98
18.77
20.869999
22.439999
25.32
23.880001
21.59
27.66
31.049999
29.200001
32.189999
34.709999
32.59
30.080002
31.34
35.509998
38.27
41.080002
44.900002
38.380001
37.07
30.98
0
0
0.470001
3.150002
2.560002
3.099999
3.860001
5.32
7.59
8.520001
9.110001
9.970001
8.610001
2.560002
6.009998
2.82
10.799999
9.020001
6.310002
8.860001
5.68
6.419998
14.799999
16.509998
17.64
17.25
13.040001
17.39
12.029999
15.16
13.329998
18.84
19.619999
19.759998
22.079998
22.419998
24.299999
26.810002
26.14
28.020001
30.619999
31.999996
31.09
34.859997
36.929997
36.649998
45.34
46.329998
47.700001
57.170002
55.929997
53.429997
55.679997
60.999996
60.770001
68.240002
74.490002
76.530003
68.969998
73.049999
66.130001
0
0
0.219999
1.269998
2.15
2.779999
6.359999
9.349998
10.379997
10.279999
9.469997
12.709999
11.75
8.5
8.709999
6.729999
8.009998
9.919998
5.879999
4.41
4
5.599998
9.32
10.229999
9.91
6.479999
5.049999
7.809997
5.74
7.049999
8.259998
10.32
11.349998
13.209999
10.329998
10.16
11.729999
12.279999
11.66
11.529999
11.610001
11.57
9.200001
10.93
10.529999
13.540001
20.950001
20.299999
21.619999
23.599998
24.75
27.540001
27.079998
30.66
25.169998
23.559997
23.889999
22.75
22.34
24.77
23.200001
0
0
-0.110001
0.51
1.200001
2.710001
2.94
3.32
3.08
3.26
2.559999
5.729999
5.91
4.460001
7.6
5.620001
6.92
7.399999
5.549999
6.51
3.969999
4.34
6.94
5.34
5.25
1.880001
4.27
6.559999
5.58
7.139999
6.780001
8.620001
9.530001
9.809999
8.77
7.91
8.309999
8.809999
12.27
11.889999
12.16
9.620001
9.389999
9.540001
10.299999
11.720001
12.240002
13.970001
16.389999
19.630001
22.869999
20.979999
22.380001
20.799999
21.119999
20.380001
25.86
26.740002
23.84
25.959999
22.150001