0
0
4.109993
5.519996
10.25
8.369995
8.519996
6.779998
7.299995
1.889999
4.549995
-1.620003
0.289993
-4.740006
-3.620003
-7.160004
-4.790001
-6.960007
-8.960007
-12.950005
-16.920006
-17.810006
-9.420006
-10.5
-14.210007
-14.310006
-12.010002
-8.570008
-3.760002
-3.140007
1.579994
-3.210007
-5.020005
-4.880005
-8.840004
-4.860001
-1.900002
-8.270005
-10.840004
-10.150002
-10.510002
-11.660004
-11.430001
-12.120003
-15.830002
-10.180001
-8.810006
-8.870003
-8.520005
-4.860001
-16.420006
-17.550003
-14.410004
-10.920006
-9.430001
-10.650002
-11.990006
-7.140007
-12.480004
-12.660004
-20.160004
0
0
1.550003
5.400001
9.360001
14.990005
20.780006
17.550003
16.270004
11.57
7.200005
1.120003
4.110001
-1.969997
0.25
-2.689999
2.970001
-1.269997
-3.539997
-14.609997
-19.079998
-16.989998
-11.599999
-10.899998
-18.259998
-25.869995
-31.119995
-24.679997
-17.159996
-21.159996
-21.349999
-24.129997
-23.899998
-21.479996
-21.499996
-16.429997
-14.809998
-16.189999
-17.379997
-15.079998
-17.039997
-20.259998
-20.989998
-19.579998
-21.289997
-14.899998
-13.799995
-14.069996
-10.059998
-6.139996
-10.639996
-5.659996
0.550003
2.440002
4.670006
7.220001
8.480003
12.450005
4.950005
1.230003
-3.039997
0
0
6.64
8.379998
8.680001
13.879998
17.809998
12.129998
12.5
10.610001
1.959999
0.360001
-0.569999
1.350003
5.869999
6.940003
11.82
7.82
5.060002
1.510003
-0.639999
-4.599998
-4.049999
-5.079998
-10.489997
-13.130001
-13.77
-12.809997
-8.279998
-10.259998
-11.509998
-8.809997
-7.509998
-6.169998
-1.239997
7.690003
8.330002
6.440003
3.64
3.180001
2.73
-1.489997
-2.130001
-18.729999
-22.739997
-20.02
-25.209999
-26.909999
-25
-24.489997
-30.239999
-28.869999
-20.529998
-22.049999
-23.61
-22.059997
-23.669998
-22.809997
-29.949998
-33.819999
-35.42
0
0
0.809997
0.09
1.679996
6.469997
17.719997
16.139999
18.949997
14.859996
15.019996
11.259998
4.449997
3.369999
8.549999
10.099998
10.699997
10.609996
16.899997
11.989998
7.709999
-3.640004
-1.050003
-3.930001
-14.790001
-21.190003
-24.500002
-24.420002
-21.100003
-18.330002
-18.860003
-16.520003
-12.550001
-9.760002
-11.290001
-9.790001
-9.350003
-11.650002
-12.150002
-10.900002
-9.860003
-11.890002
-10.210001
-8.710001
-10.760002
-10.480002
-11.990002
-11.440003
-10.000002
-9.100003
-12.730002
-15.630001
-14.760002
-13.630001
-13.380001
-10.740002
-10.900002
-13.300001
-16.160002
-15.170002
-18.070002
0
0
1.070004
3.880001
5.280003
6.770001
7.660004
7.93
11.170002
5.870003
5.080002
0.960003
1.920002
1.520001
3.570004
0.84
-0.419998
-1.759998
-3.379997
-5.619999
-5.25
-8.539997
-7.66
-10.119999
-10.519998
-8.639999
-9.25
-8.019996
-10.919998
-11.109999
-10.019998
-8.16
-7.479999
-7.679996
-8.229999
-8.779999
-8.399998
-10.469997
-10.419998
-10.619999
-10.829998
-11.309997
-11.739998
-12.399998
-13.729997
-12.679998
-12.009998
-12.089998
-12.799997
-13.849998
-14.999998
-17.579998
-16.669998
-15.969997
-14.269998
-14.949999
-17.169998
-20.869999
-24.869999
-26.969998
-27.519998